# Created by Octave 4.4.0, Tue Jun 12 00:12:33 2018 GMT <unknown@DESKTOP-E2E3B5K>
# name: v
# type: matrix
# rows: 10
# columns: 1
 399900
 329900
 369000
 232000
 539900
 299900
 314900
 198999
 212000
 242500


